         100   1.3700000000000006E-003   4.1200000000000004E-004   3.0200000000000018E-004
         200   1.0544000000000001E-002   2.6669999999999992E-003   1.0749999999999996E-003
         300   2.8098000000000001E-002   7.8189999999999996E-003   2.8219999999999981E-003
         400   6.6546999999999995E-002   1.8314999999999998E-002   5.7639999999999914E-003
         500  0.13205800000000001        3.8024000000000002E-002   1.2091999999999992E-002
         600  0.22478300000000001        7.0882000000000001E-002   2.2405000000000008E-002
         700  0.35066100000000011       0.10115900000000000        2.9398000000000035E-002
         800  0.60197699999999998       0.17767700000000008        4.3633000000000033E-002
         900  0.82533000000000012       0.29488499999999984        6.8096000000000156E-002
        1000   1.6203509999999999       0.42254500000000039        8.6397999999999975E-002
        1100   1.5554269999999999       0.64557600000000015       0.11852100000000032     
        1200   2.2112690000000006       0.79535399999999967       0.14369799999999877     
        1300   3.3607479999999992       0.99826000000000015       0.18226399999999998     
        1400   3.3606249999999989        1.3016819999999996       0.22538499999999928     
        1500   5.7617880000000028        1.6222589999999997       0.31421100000000024     
        1600   11.395433999999998        1.8839510000000033       0.39086100000000101     
        1700   15.219957999999998        2.2325739999999996       0.44260100000000335     
        1800   19.711323000000007        2.5955849999999998       0.52554499999999393     
        1900   26.462081999999995        3.0852380000000039       0.57603400000000704     
        2000   28.812022000000013        3.5760089999999991       0.75383099999999104     
