  100    0.19170E-02    0.64600E-03    0.13600E-02
  200    0.13810E-02    0.34190E-02    0.65150E-02
  300    0.73570E-02    0.10220E-01    0.15116E-01
  400    0.63080E-02    0.22155E-01    0.49443E-01
  500    0.29768E-01    0.62312E-01    0.56909E-01
  600    0.74460E-01    0.87580E-01    0.86217E-01
  700    0.12369        0.12658        0.14962    
  800    0.17300        0.17068        0.22276    
  900    0.24930        0.23968        0.27337    
 1000    0.31776        0.32646        0.38854    
 1100    0.42897        0.43041        0.51082    
 1200    0.60355        0.55503        0.63281    
 1300    0.68729        0.69881        0.83563    
 1400    0.86306        0.87346        0.95523    
 1500     1.0944         1.0747         1.1476    
