  100    0.77980E-02    0.82620E-02    0.61210E-02
  200    0.68792E-01    0.67723E-01    0.57551E-01
  300    0.21512        0.20606        0.16740    
  400    0.59649        0.50784        0.39018    
  500     1.0870        0.96097        0.75888    
  600     1.9496         1.7020         1.3290    
  700     2.9969         2.6300         2.0607    
  800     5.2580         4.1308         3.0977    
  900     6.4625         5.6224         4.8329    
 1000     11.039         8.3381         6.6809    
 1100     12.817         11.465         9.2464    
 1200     18.988         14.400         11.578    
 1300     23.937         17.982         15.036    
 1400     29.132         22.981         18.474    
 1500     43.481         26.271         20.918    
