  100    0.89700E-03    0.65800E-03    0.66900E-03
  200    0.11963E-01    0.47320E-02    0.50750E-02
  300    0.29320E-01    0.15334E-01    0.15583E-01
  400    0.64696E-01    0.36185E-01    0.35087E-01
  500    0.13104        0.79945E-01    0.79264E-01
  600    0.22480        0.11968        0.13980    
  700    0.36091        0.19449        0.19328    
  800    0.57112        0.30606        0.34650    
  900    0.94849        0.46130        0.47732    
 1000     1.5689        0.64753        0.65725    
 1100     1.9501        0.85313         1.1470    
 1200     2.8009         1.1004         1.1193    
 1300     3.8712         1.3885         1.4194    
 1400     4.3166         1.7396         1.7718    
 1500     5.8996         2.1561         2.1761    
