  100    0.19520E-02    0.11060E-02    0.21080E-02
  200    0.18408E-01    0.77670E-02    0.87210E-02
  300    0.28537E-01    0.14784E-01    0.18195E-01
  400    0.41324E-01    0.48121E-01    0.50915E-01
  500    0.88463E-01    0.57075E-01    0.82110E-01
  600    0.11936        0.12429        0.14669    
  700    0.19883        0.22425        0.20359    
  800    0.30703        0.34018        0.33922    
  900    0.50398        0.44841        0.46996    
 1000    0.61308        0.61083        0.65819    
 1100    0.87907        0.85878        0.91323    
 1200     1.1502         1.1385         1.1384    
 1300     1.4790         1.5888         1.4913    
 1400     1.9831         1.8390         1.8713    
 1500     2.3828         2.3951         2.4727    
