
        10    0.13000E-04
        15    0.18000E-04
        22    0.64000E-04
        33    0.26300E-03
        49    0.58100E-03
        73    0.18350E-02
       109    0.71490E-02
       163    0.21030E-01
       244    0.72219E-01
       366    0.24435    
       100    0.44650E-02
       200    0.42719E-01
       300    0.13692    
       400    0.33338    
       500    0.64624    
       600     1.1484    
       100    0.53660E-02
       200    0.49317E-01
       300    0.14782    
       400    0.34012    
       500    0.64815    
       600     1.1357    
       100    0.72670E-02
       200    0.41854E-01
       300    0.15719    
       400    0.34649    
       500    0.65825    
       600     1.2101    
       100    0.43280E-02
       200    0.40951E-01
       300    0.13631    
       400    0.33946    
       500    0.65617    
       600     1.2382    
       100    0.61070E-02
       200    0.41649E-01
       300    0.13151    
       400    0.34188    
       500    0.65879    
       600     1.2048    
       100    0.42880E-02
       200    0.37279E-01
       300    0.13891    
       400    0.33673    
       500    0.65517    
       600     1.1556    
       100    0.49760E-02
       200    0.39865E-01
       300    0.15928    
       400    0.34370    
       500    0.64342    
       600     1.1916    
       700     1.9296    
       100    0.62280E-02
       200    0.40890E-01
       300    0.14740    
       400    0.33795    
       500    0.67074    
       100    0.44170E-02
       200    0.40929E-01
       300    0.13644    
       400    0.33128    
       500    0.64373    
       100    0.52730E-02
       200    0.42933E-01
       300    0.14302    
       400    0.33458    
       500    0.65461    
       100    0.78930E-02
       200    0.45267E-01
       300    0.14409    
       400    0.33460    
       500    0.66623    
       100    0.50130E-02
       200    0.36772E-01
       300    0.13458    
       400    0.33748    
       500    0.68287    
       100    0.53390E-02
       200    0.42980E-01
       300    0.13014    
       400    0.34229    
       500    0.66606    
       100    0.56860E-02
       200    0.36759E-01
       300    0.15082    
       400    0.34775    
       500    0.67098    
       100    0.61090E-02
       200    0.38278E-01
       300    0.14801    
       400    0.35789    
       500    0.65352    
       100    0.51940E-02
       200    0.36389E-01
       300    0.13484    
       400    0.33050    
       500    0.64157    
       100    0.54840E-02
       200    0.36647E-01
       300    0.13373    
       400    0.33827    
       500    0.68508    
       100    0.43300E-02
       200    0.46162E-01
       300    0.14982    
       400    0.34402    
       500    0.67736    
       100    0.63420E-02
       200    0.40559E-01
       300    0.14420    
       400    0.33889    
       500    0.64861    
       100    0.49250E-02
       200    0.40514E-01
       300    0.14695    
       400    0.33733    
       500    0.67019    
       100    0.69360E-02
       200    0.40146E-01
       300    0.15854    
       400    0.34083    
       500    0.66891    
       100    0.58420E-02
       200    0.39246E-01
       300    0.14962    
       400    0.36346    
       500    0.66968    
       100    0.42250E-02
       200    0.35808E-01
       300    0.13694    
       400    0.34145    
       500    0.66817    
