
        10    0.21000E-04
        15    0.25000E-04
        22    0.39000E-04
        33    0.69000E-04
        49    0.74000E-04
        73    0.27800E-03
       109    0.43600E-03
       163    0.66600E-03
       244    0.16000E-02
       366    0.49490E-02
       100    0.28300E-03
       200    0.10410E-02
       300    0.29400E-02
       400    0.64640E-02
       500    0.11207E-01
       600    0.20050E-01
       100    0.48900E-03
       200    0.98900E-03
       300    0.34460E-02
       400    0.61250E-02
       500    0.11908E-01
       600    0.19091E-01
       100    0.28500E-03
       200    0.12210E-02
       300    0.34470E-02
       400    0.60660E-02
       500    0.11966E-01
       600    0.19089E-01
       100    0.25100E-03
       200    0.97700E-03
       300    0.28010E-02
       400    0.63070E-02
       500    0.11211E-01
       600    0.22429E-01
       100    0.30900E-03
       200    0.11870E-02
       300    0.36330E-02
       400    0.59340E-02
       500    0.13275E-01
       600    0.22810E-01
       100    0.23600E-03
       200    0.10570E-02
       300    0.28000E-02
       400    0.57760E-02
       500    0.16337E-01
       600    0.19500E-01
       100    0.24900E-03
       200    0.96100E-03
       300    0.27950E-02
       400    0.60720E-02
       500    0.11757E-01
       600    0.19559E-01
       700    0.31491E-01
       100    0.27700E-03
       200    0.10000E-02
       300    0.28360E-02
       400    0.66730E-02
       500    0.11751E-01
       100    0.28700E-03
       200    0.12700E-02
       300    0.27770E-02
       400    0.57510E-02
       500    0.11464E-01
       100    0.68300E-03
       200    0.10090E-02
       300    0.29300E-02
       400    0.58340E-02
       500    0.11415E-01
       100    0.25100E-03
       200    0.10700E-02
       300    0.28800E-02
       400    0.62150E-02
       500    0.11488E-01
       100    0.22200E-03
       200    0.12740E-02
       300    0.28490E-02
       400    0.58020E-02
       500    0.12595E-01
       100    0.25400E-03
       200    0.99200E-03
       300    0.30660E-02
       400    0.56930E-02
       500    0.12169E-01
       100    0.24800E-03
       200    0.95100E-03
       300    0.27930E-02
       400    0.65110E-02
       500    0.11876E-01
       100    0.27200E-03
       200    0.33640E-02
       300    0.32780E-02
       400    0.68860E-02
       500    0.11582E-01
       100    0.22300E-03
       200    0.10070E-02
       300    0.29070E-02
       400    0.57880E-02
       500    0.12642E-01
       100    0.23800E-03
       200    0.98400E-03
       300    0.29560E-02
       400    0.57680E-02
       500    0.12193E-01
       100    0.35100E-03
       200    0.10280E-02
       300    0.28090E-02
       400    0.59520E-02
       500    0.11528E-01
       100    0.25300E-03
       200    0.10670E-02
       300    0.34680E-02
       400    0.66120E-02
       500    0.11799E-01
       100    0.23900E-03
       200    0.11170E-02
       300    0.28040E-02
       400    0.65510E-02
       500    0.11630E-01
       100    0.25100E-03
       200    0.99600E-03
       300    0.30620E-02
       400    0.60910E-02
       500    0.13034E-01
       100    0.24200E-03
       200    0.11360E-02
       300    0.28800E-02
       400    0.71930E-02
       500    0.11031E-01
       100    0.22200E-03
       200    0.11440E-02
       300    0.29310E-02
       400    0.63590E-02
       500    0.14838E-01
        10    0.26000E-04
        16    0.28000E-04
        27    0.50000E-04
        46    0.68000E-04
        77    0.16000E-03
        10    0.26000E-04
        16    0.26000E-04
        27    0.37000E-04
        46    0.63000E-04
        77    0.15700E-03
       129    0.74200E-03
       215    0.14610E-02
       359    0.64330E-02
       599    0.20551E-01
      1000    0.86505E-01
         0    0.90000E-05
         0    0.10000E-05
         0    0.10000E-05
         0    0.10000E-05
         0    0.10000E-05
         0    0.10000E-05
         0    0.10000E-05
         0    0.10000E-05
         0    0.20000E-05
         0     0.0000    
        10    0.18000E-04
        16    0.21000E-04
        27    0.33000E-04
        46    0.56000E-04
        77    0.14600E-03
       129    0.38600E-03
       215    0.12830E-02
       359    0.47280E-02
       599    0.23795E-01
      1000    0.86364E-01
        10    0.31000E-04
        16    0.30000E-04
        27    0.79000E-04
        46    0.92000E-04
        77    0.20000E-03
       129    0.85400E-03
       215    0.24160E-02
       359    0.47180E-02
       599    0.20775E-01
      1000    0.82912E-01
         0    0.10000E-04
         0    0.10000E-05
         0    0.10000E-05
         0    0.10000E-05
         0     0.0000    
         0    0.10000E-05
         0    0.10000E-05
         0     0.0000    
         0    0.20000E-05
         0    0.20000E-05
        10    0.20000E-04
        16    0.19000E-04
        27    0.29000E-04
        46    0.69000E-04
        77    0.14500E-03
       129    0.42300E-03
       215    0.15320E-02
       359    0.56170E-02
       599    0.21406E-01
      1000    0.87757E-01
        10    0.18000E-04
        16    0.19000E-04
        27    0.28000E-04
        46    0.59000E-04
        77    0.12500E-03
       129    0.69000E-03
       215    0.25020E-02
       359    0.48870E-02
       599    0.21891E-01
      1000    0.82618E-01
        10    0.21000E-04
        31    0.44000E-04
       100    0.22600E-03
       316    0.37690E-02
      1000    0.82865E-01
         0    0.20000E-05
         0     0.0000    
         0    0.10000E-05
         0    0.10000E-05
         0    0.10000E-05
        10    0.30000E-05
        31    0.56000E-04
       100    0.22700E-03
       316    0.31520E-02
      1000    0.91161E-01
         0    0.10000E-05
         0     0.0000    
         0     0.0000    
         0    0.20000E-05
         0     0.0000    
        10    0.10000E-05
        31    0.75000E-04
       100    0.25600E-03
       316    0.36960E-02
      1000    0.85171E-01
         0     0.0000    
         0     0.0000    
         0     0.0000    
         0    0.10000E-05
         0    0.10000E-05
        10    0.20000E-05
        31    0.71000E-04
       100    0.24200E-03
       316    0.34480E-02
      1000    0.94393E-01
         0     0.0000    
         0    0.10000E-05
         0     0.0000    
         0    0.10000E-05
         0     0.0000    
        10    0.20000E-05
        31    0.83000E-04
       100    0.28800E-03
       316    0.39410E-02
      1000    0.89692E-01
         0    0.20000E-05
         0     0.0000    
         0    0.10000E-05
         0     0.0000    
         0     0.0000    
        10    0.20000E-05
        12    0.40000E-05
        15    0.50000E-05
        19    0.40000E-05
        24    0.11000E-04
        30    0.35000E-04
        38    0.80000E-04
        47    0.65000E-04
        59    0.85000E-04
        74    0.12500E-03
        10    0.10000E-05
        12    0.60000E-05
        15    0.70000E-05
        19    0.50000E-05
        24    0.10000E-04
        30    0.20000E-04
        38    0.56000E-04
        47    0.70000E-04
        59    0.86000E-04
        74    0.13600E-03
        10    0.10000E-05
        12    0.50000E-05
        15    0.50000E-05
        19    0.60000E-05
        24    0.14000E-04
        30    0.22000E-04
        38    0.64000E-04
        47    0.79000E-04
        59    0.10800E-03
        74    0.14800E-03
        10    0.30000E-05
        12    0.20000E-05
        15    0.50000E-05
        19    0.60000E-05
        24    0.90000E-05
        30    0.17000E-04
        38    0.60000E-04
        47    0.72000E-04
        59    0.85000E-04
        74    0.12400E-03
        10    0.30000E-05
        12    0.30000E-05
        15    0.30000E-05
        19    0.70000E-05
        24    0.11000E-04
        30    0.19000E-04
        38    0.86000E-04
        47    0.82000E-04
        59    0.11200E-03
        74    0.15000E-03
        10    0.20000E-05
        12    0.40000E-05
        15    0.50000E-05
        19    0.60000E-05
        25    0.28000E-04
        31    0.48000E-04
        39    0.75000E-04
        50    0.63000E-04
        63    0.92000E-04
        79    0.14500E-03
        10    0.20000E-05
        12    0.30000E-05
        15    0.50000E-05
        19    0.80000E-05
        25    0.12000E-04
        31    0.50000E-04
        39    0.52000E-04
        50    0.69000E-04
        63    0.97000E-04
        79    0.13800E-03
        10    0.30000E-05
        12    0.12000E-04
        15    0.12000E-04
        19    0.60000E-05
        25    0.14000E-04
        31    0.12100E-03
        39    0.21900E-03
        50    0.89000E-04
        63    0.11800E-03
        79    0.17400E-03
        10    0.10000E-05
        12    0.70000E-05
        15    0.70000E-05
        19    0.40000E-05
        25    0.10000E-04
        31    0.56000E-04
        39    0.55000E-04
        50    0.69000E-04
        63    0.12100E-03
        79    0.14900E-03
        10    0.20000E-05
        12    0.20000E-05
        15    0.20000E-04
        19    0.60000E-05
        25    0.12000E-04
        31    0.54000E-04
        39    0.54000E-04
        50    0.10000E-03
        63    0.13100E-03
        79    0.13800E-03
        10    0.29000E-04
        12    0.39000E-04
        15    0.39000E-04
        19    0.82000E-04
        25    0.48000E-04
        31    0.50000E-04
        39    0.58000E-04
        50    0.79000E-04
        63    0.13700E-03
        79    0.18900E-03
        10    0.20000E-05
        12    0.20000E-05
        15    0.40000E-05
        19    0.70000E-05
        25    0.12000E-04
        31    0.50000E-04
        39    0.42000E-04
        50    0.66000E-04
        63    0.10000E-03
        79    0.13300E-03
        10    0.20000E-05
        12    0.70000E-05
        15    0.80000E-05
        19    0.80000E-05
        25    0.15000E-04
        31    0.59000E-04
        39    0.58000E-04
        50    0.79000E-04
        63    0.12200E-03
        79    0.18200E-03
        10    0.20000E-05
        12    0.20000E-05
        15    0.50000E-05
        19    0.80000E-05
        25    0.14000E-04
        31    0.57000E-04
        39    0.54000E-04
        50    0.79000E-04
        63    0.11500E-03
        79    0.16300E-03
        10    0.20000E-05
        12    0.30000E-05
        15    0.40000E-05
        19    0.11000E-04
        25    0.11000E-04
        31    0.18100E-03
        39    0.16700E-03
        50    0.67000E-04
        63    0.96000E-04
        79    0.14200E-03
        10    0.21000E-04
        15    0.20000E-04
        23    0.31000E-04
        36    0.47000E-04
        56    0.10100E-03
        87    0.38700E-03
       135    0.48200E-03
       209    0.20570E-02
       324    0.33600E-02
       501    0.15955E-01
        10    0.20000E-05
        15    0.40000E-05
        23    0.14000E-04
        36    0.85000E-04
        56    0.10500E-03
        87    0.24700E-03
       135    0.51500E-03
       209    0.11460E-02
       324    0.34100E-02
       501    0.11529E-01
        10    0.10000E-05
        15    0.40000E-05
        23    0.90000E-05
        36    0.61000E-04
        56    0.75000E-04
        87    0.21300E-03
       135    0.46000E-03
       209    0.11890E-02
       324    0.37430E-02
       501    0.11546E-01
        10    0.20000E-05
        15    0.70000E-05
        23    0.90000E-05
        36    0.56000E-04
        56    0.11300E-03
        87    0.54700E-03
       135    0.40200E-03
       209    0.11730E-02
       324    0.34490E-02
       501    0.13384E-01
        10    0.10000E-05
        15    0.30000E-05
        23    0.90000E-05
        36    0.10300E-03
        56    0.16200E-03
        87    0.30500E-03
       135    0.44700E-03
       209    0.13090E-02
       324    0.34370E-02
       501    0.13794E-01
        10    0.10000E-05
        15    0.50000E-05
        23    0.13000E-04
        36    0.78000E-04
        56    0.82000E-04
        87    0.19300E-03
       135    0.42200E-03
       209    0.11590E-02
       324    0.34700E-02
       501    0.13013E-01
        10    0.20000E-05
        15    0.40000E-05
        23    0.13000E-04
        36    0.65000E-04
        56    0.91000E-04
        87    0.18800E-03
       135    0.49800E-03
       209    0.12070E-02
       324    0.39260E-02
       501    0.11492E-01
        10    0.10000E-05
        15    0.40000E-05
        23    0.13000E-04
        36    0.68000E-04
        56    0.86000E-04
        87    0.19900E-03
       135    0.45100E-03
       209    0.13670E-02
       324    0.40270E-02
       501    0.11929E-01
        10    0.20000E-05
        15    0.40000E-05
        23    0.12000E-04
        36    0.80000E-04
        56    0.11100E-03
        87    0.24500E-03
       135    0.51800E-03
       209    0.17970E-02
       324    0.37980E-02
       501    0.13257E-01
        10    0.30000E-05
        15    0.40000E-05
        23    0.13000E-04
        36    0.11900E-03
        56    0.18900E-03
        87    0.21700E-03
       135    0.49700E-03
       209    0.17450E-02
       324    0.35120E-02
       501    0.12037E-01
        10    0.18000E-04
        15    0.16000E-04
        23    0.28000E-04
        36    0.42000E-04
        56    0.79000E-04
        87    0.20200E-03
       135    0.45200E-03
       209    0.12710E-02
       324    0.35170E-02
       501    0.14828E-01
        10    0.30000E-05
        15    0.50000E-05
        23    0.15000E-04
        36    0.84000E-04
        56    0.94000E-04
        87    0.24600E-03
       135    0.48600E-03
       209    0.12070E-02
       324    0.36510E-02
       501    0.11530E-01
        10    0.30000E-05
        15    0.60000E-05
        23    0.15000E-04
        36    0.10500E-03
        56    0.11200E-03
        87    0.27500E-03
       135    0.56800E-03
       209    0.22230E-02
       324    0.34810E-02
       501    0.13743E-01
        10    0.20000E-05
        15    0.70000E-05
        23    0.15000E-04
        36    0.96000E-04
        56    0.16300E-03
        87    0.25200E-03
       135    0.55900E-03
       209    0.12020E-02
       324    0.35100E-02
       501    0.12333E-01
        10    0.20000E-05
        15    0.30000E-05
        23    0.10000E-04
        36    0.81000E-04
        56    0.11600E-03
        87    0.24500E-03
       135    0.50500E-03
       209    0.18770E-02
       324    0.35100E-02
       501    0.13739E-01
        10    0.15000E-04
        15    0.15000E-04
        23    0.26000E-04
        36    0.45000E-04
        56    0.72000E-04
        87    0.17600E-03
       135    0.47400E-03
       209    0.13330E-02
       324    0.42930E-02
       501    0.17487E-01
        10    0.20000E-05
        15    0.70000E-05
        23    0.15000E-04
        36    0.80000E-04
        56    0.10400E-03
        87    0.27900E-03
       135    0.52800E-03
       209    0.11970E-02
       324    0.34860E-02
       501    0.13068E-01
        10    0.10000E-05
        15    0.60000E-05
        23    0.15000E-04
        36    0.67000E-04
        56    0.92000E-04
        87    0.20400E-03
       135    0.51500E-03
       209    0.12340E-02
       324    0.35870E-02
       501    0.12762E-01
        10    0.20000E-05
        15    0.40000E-05
        23    0.10000E-04
        36    0.66000E-04
        56    0.95000E-04
        87    0.23500E-03
       135    0.20800E-02
       209    0.13960E-02
       324    0.47740E-02
       501    0.14011E-01
        10    0.20000E-05
        15    0.60000E-05
        23    0.12000E-04
        36    0.80000E-04
        56    0.15100E-03
        87    0.24400E-03
       135    0.58800E-03
       209    0.12350E-02
       324    0.38510E-02
       501    0.13560E-01
