
        10    0.70000E-05
        15    0.16000E-04
        22    0.51000E-04
        33    0.19200E-03
        49    0.56000E-03
        73    0.18920E-02
       109    0.58550E-02
       163    0.19231E-01
       244    0.62505E-01
       366    0.20915    
       100    0.47510E-02
       200    0.43322E-01
       300    0.11669    
       400    0.27644    
       500    0.56345    
       600    0.99477    
       100    0.59410E-02
       200    0.47861E-01
       300    0.13494    
       400    0.31875    
       500    0.64140    
       600     1.0914    
       100    0.61670E-02
       200    0.40172E-01
       300    0.13566    
       400    0.31582    
       500    0.66444    
       600     1.0820    
       100    0.50410E-02
       200    0.34359E-01
       300    0.11786    
       400    0.27044    
       500    0.56115    
       600    0.96264    
       100    0.53160E-02
       200    0.35001E-01
       300    0.11969    
       400    0.27041    
       500    0.57134    
       600     1.0149    
       100    0.51320E-02
       200    0.33762E-01
       300    0.11699    
       400    0.27070    
       500    0.54866    
       600    0.93183    
       100    0.50160E-02
       200    0.38327E-01
       300    0.13430    
       400    0.31915    
       500    0.64132    
       600     1.1056    
       700     1.6610    
       100    0.60550E-02
       200    0.39698E-01
       300    0.13879    
       400    0.32012    
       500    0.65959    
       100    0.45580E-02
       200    0.36080E-01
       300    0.11411    
       400    0.27386    
       500    0.54810    
       100    0.57370E-02
       200    0.35615E-01
       300    0.11460    
       400    0.27210    
       500    0.57321    
       100    0.59010E-02
       200    0.40571E-01
       300    0.13458    
       400    0.31272    
       500    0.64994    
       100    0.44570E-02
       200    0.36992E-01
       300    0.11492    
       400    0.27901    
       500    0.56726    
       100    0.49720E-02
       200    0.35012E-01
       300    0.11789    
       400    0.27385    
       500    0.55723    
       100    0.50040E-02
       200    0.33574E-01
       300    0.12266    
       400    0.27401    
       500    0.55879    
       100    0.54540E-02
       200    0.40963E-01
       300    0.12201    
       400    0.27452    
       500    0.56196    
       100    0.46210E-02
       200    0.36002E-01
       300    0.11524    
       400    0.26569    
       500    0.55765    
       100    0.47420E-02
       200    0.35772E-01
       300    0.12057    
       400    0.27127    
       500    0.54874    
       100    0.46510E-02
       200    0.41198E-01
       300    0.11399    
       400    0.26972    
       500    0.56875    
       100    0.61820E-02
       200    0.39361E-01
       300    0.13501    
       400    0.30945    
       500    0.63695    
       100    0.50410E-02
       200    0.38734E-01
       300    0.13219    
       400    0.31499    
       500    0.66064    
       100    0.59360E-02
       200    0.38459E-01
       300    0.14565    
       400    0.31471    
       500    0.67569    
       100    0.49620E-02
       200    0.40393E-01
       300    0.11920    
       400    0.28338    
       500    0.56902    
       100    0.44840E-02
       200    0.35934E-01
       300    0.12012    
       400    0.26941    
       500    0.54921    
        10    0.60000E-05
        16    0.26000E-04
        27    0.10800E-03
        46    0.51400E-03
        77    0.21590E-02
        10    0.60000E-05
        16    0.23000E-04
        27    0.10800E-03
        46    0.44500E-03
        77    0.21690E-02
       129    0.91960E-02
       215    0.49018E-01
       359    0.20072    
       599    0.93914    
      1000     4.5383    
         0    0.10000E-05
         0     0.0000    
         0    0.10000E-05
         0    0.10000E-05
         0    0.10000E-05
         0     0.0000    
         0    0.10000E-05
         0    0.20000E-05
         0     0.0000    
         0     0.0000    
        10    0.50000E-05
        16    0.20000E-04
        27    0.88000E-04
        46    0.41700E-03
        77    0.20100E-02
       129    0.91630E-02
       215    0.43274E-01
       359    0.20201    
       599    0.98221    
      1000     4.4694    
        10    0.90000E-05
        16    0.29000E-04
        27    0.12800E-03
        46    0.61100E-03
        77    0.25220E-02
       129    0.96600E-02
       215    0.47475E-01
       359    0.19596    
       599    0.97710    
      1000     4.3390    
         0    0.10000E-05
         0    0.10000E-05
         0     0.0000    
         0    0.20000E-05
         0    0.10000E-05
         0     0.0000    
         0    0.20000E-05
         0     0.0000    
         0    0.10000E-05
         0     0.0000    
        10    0.50000E-05
        16    0.19000E-04
        27    0.87000E-04
        46    0.41700E-03
        77    0.21560E-02
       129    0.99820E-02
       215    0.46015E-01
       359    0.19720    
       599    0.97055    
      1000     4.8072    
        10    0.70000E-05
        16    0.20000E-04
        27    0.89000E-04
        46    0.41200E-03
        77    0.20370E-02
       129    0.96880E-02
       215    0.46343E-01
       359    0.19715    
       599    0.94921    
      1000     4.3702    
        10    0.50000E-05
        31    0.13000E-03
       100    0.44080E-02
       316    0.14213    
      1000     4.4073    
         0    0.20000E-05
         0     0.0000    
         0    0.19000E-04
         0     0.0000    
         0    0.10000E-05
        10    0.20000E-05
        31    0.19000E-04
       100    0.60000E-03
       316    0.18517E-01
      1000    0.64429    
         0    0.10000E-05
         0     0.0000    
         0    0.10000E-05
         0     0.0000    
         0     0.0000    
        10    0.20000E-05
        31    0.29000E-04
       100    0.83500E-03
       316    0.18333E-01
      1000    0.63682    
         0    0.10000E-05
         0    0.10000E-05
         0    0.10000E-05
         0     0.0000    
         0    0.10000E-05
        10    0.50000E-05
        31    0.19000E-04
       100    0.40300E-03
       316    0.95270E-02
      1000    0.38915    
         0     0.0000    
         0     0.0000    
         0    0.10000E-05
         0     0.0000    
         0     0.0000    
        10    0.50000E-05
        31    0.17000E-04
       100    0.51600E-03
       316    0.11501E-01
      1000    0.40453    
         0     0.0000    
         0    0.10000E-05
         0     0.0000    
         0    0.10000E-05
         0     0.0000    
        10    0.30000E-05
        59    0.66000E-04
       348    0.13514E-01
        10    0.20000E-05
        59    0.12600E-03
       348    0.27658E-01
        10    0.20000E-05
        59    0.17900E-03
       348    0.27744E-01
        10    0.50000E-05
        59    0.73000E-04
       348    0.12242E-01
        10    0.30000E-05
        12    0.10000E-05
        15    0.10000E-05
        19    0.11000E-04
        24    0.80000E-05
        30    0.10000E-04
        38    0.39000E-04
        47    0.30000E-04
        59    0.80000E-04
        74    0.12200E-03
        10    0.20000E-05
        12    0.20000E-05
        15    0.30000E-05
        19    0.70000E-05
        24    0.10000E-04
        30    0.18000E-04
        38    0.34000E-04
        47    0.62000E-04
        59    0.11900E-03
        74    0.23000E-03
        10    0.20000E-05
        12    0.10000E-05
        15    0.60000E-05
        19    0.80000E-05
        24    0.11000E-04
        30    0.21000E-04
        38    0.40000E-04
        47    0.85000E-04
        59    0.14400E-03
        74    0.27800E-03
        10    0.21000E-04
        12    0.20000E-05
        15    0.30000E-05
        19    0.40000E-05
        24    0.40000E-05
        30    0.27000E-04
        38    0.20000E-04
        47    0.34000E-04
        59    0.82000E-04
        74    0.12400E-03
        10    0.50000E-05
        12    0.50000E-05
        15    0.60000E-05
        19    0.40000E-05
        24    0.70000E-05
        30    0.16000E-04
        38    0.25000E-04
        47    0.43000E-04
        59    0.79000E-04
        74    0.15200E-03
        10    0.30000E-05
        12    0.10000E-05
        15    0.20000E-05
        19    0.40000E-05
        25    0.60000E-05
        31    0.13000E-04
        39    0.21000E-04
        50    0.41000E-04
        63    0.77000E-04
        79    0.14800E-03
        10    0.10000E-05
        12    0.20000E-05
        15    0.20000E-05
        19    0.40000E-05
        25    0.13000E-04
        31    0.21000E-04
        39    0.36000E-04
        50    0.83000E-04
        63    0.14400E-03
        79    0.31600E-03
        10    0.20000E-05
        12    0.20000E-05
        15    0.30000E-05
        19    0.19000E-04
        25    0.16000E-04
        31    0.27000E-04
        39    0.69000E-04
        50    0.91000E-04
        63    0.17300E-03
        79    0.32600E-03
        10    0.30000E-05
        12    0.20000E-05
        15    0.20000E-05
        19    0.60000E-05
        25    0.80000E-05
        31    0.15000E-04
        39    0.23000E-04
        50    0.39000E-04
        63    0.82000E-04
        79    0.19200E-03
        10    0.30000E-05
        12    0.10000E-05
        15    0.50000E-05
        19    0.40000E-05
        25    0.70000E-05
        31    0.13000E-04
        39    0.22000E-04
        50    0.76000E-04
        63    0.10400E-03
        79    0.15500E-03
        10    0.80000E-05
        12    0.12000E-04
        15    0.19000E-04
        19    0.40000E-04
        25    0.83000E-04
        31    0.16400E-03
        39    0.31200E-03
        50    0.68800E-03
        63    0.13670E-02
        79    0.29430E-02
        10    0.20000E-05
        12    0.20000E-05
        15    0.30000E-05
        19    0.60000E-05
        25    0.10000E-04
        31    0.16000E-04
        39    0.36000E-04
        50    0.74000E-04
        63    0.14000E-03
        79    0.32600E-03
        10    0.20000E-05
        12    0.30000E-05
        15    0.40000E-05
        19    0.11000E-04
        25    0.19000E-04
        31    0.27000E-04
        39    0.45000E-04
        50    0.92000E-04
        63    0.18000E-03
        79    0.38200E-03
        10    0.90000E-05
        12    0.10000E-05
        15    0.30000E-05
        19    0.30000E-05
        25    0.80000E-05
        31    0.15000E-04
        39    0.28000E-04
        50    0.64000E-04
        63    0.94000E-04
        79    0.20500E-03
        10    0.60000E-05
        12    0.30000E-05
        15    0.13000E-04
        19    0.80000E-05
        25    0.27000E-04
        31    0.18000E-04
        39    0.77000E-04
        50    0.51000E-04
        63    0.75000E-04
        79    0.16100E-03
        10    0.50000E-05
        15    0.18000E-04
        23    0.61000E-04
        36    0.23600E-03
        56    0.81700E-03
        87    0.31840E-02
       135    0.12188E-01
       209    0.41476E-01
       324    0.14581    
       501    0.56463    
        10    0.30000E-05
        15    0.50000E-05
        23    0.14000E-04
        36    0.41000E-04
        56    0.14500E-03
        87    0.57600E-03
       135    0.17940E-02
       209    0.52000E-02
       324    0.20173E-01
       501    0.68089E-01
        10    0.10000E-05
        15    0.20000E-05
        23    0.12000E-04
        36    0.31000E-04
        56    0.10400E-03
        87    0.40800E-03
       135    0.14310E-02
       209    0.51430E-02
       324    0.27674E-01
       501    0.68009E-01
        10    0.50000E-05
        15    0.24000E-04
        23    0.60000E-05
        36    0.36000E-04
        56    0.73000E-04
        87    0.42200E-03
       135    0.68200E-03
       209    0.27950E-02
       324    0.10005E-01
       501    0.37604E-01
        10    0.40000E-05
        15    0.50000E-05
        23    0.90000E-05
        36    0.20000E-04
        56    0.70000E-04
        87    0.52300E-03
       135    0.79100E-03
       209    0.58810E-02
       324    0.11898E-01
       501    0.45299E-01
        10    0.10000E-05
        15    0.40000E-05
        23    0.12000E-04
        36    0.31000E-04
        56    0.11300E-03
        87    0.43500E-03
       135    0.14970E-02
       209    0.52100E-02
       324    0.18395E-01
       501    0.70220E-01
        10    0.30000E-05
        15    0.50000E-05
        23    0.12000E-04
        36    0.35000E-04
        56    0.12400E-03
        87    0.46700E-03
       135    0.15610E-02
       209    0.56490E-02
       324    0.22859E-01
       501    0.69705E-01
        10    0.20000E-05
        15    0.60000E-05
        23    0.12000E-04
        36    0.34000E-04
        56    0.11900E-03
        87    0.45300E-03
       135    0.15900E-02
       209    0.53840E-02
       324    0.22576E-01
       501    0.75008E-01
        10    0.50000E-05
        15    0.60000E-05
        23    0.11000E-04
        36    0.24000E-04
        56    0.80000E-04
        87    0.31500E-03
       135    0.92300E-03
       209    0.30830E-02
       324    0.11597E-01
       501    0.35953E-01
        10    0.50000E-05
        15    0.50000E-05
        23    0.80000E-05
        36    0.30000E-04
        56    0.11000E-03
        87    0.23800E-03
       135    0.84300E-03
       209    0.37330E-02
       324    0.11730E-01
       501    0.40594E-01
        10    0.70000E-05
        15    0.20000E-04
        23    0.56000E-04
        36    0.21900E-03
        56    0.86800E-03
        87    0.31860E-02
       135    0.11348E-01
       209    0.41481E-01
       324    0.14392    
       501    0.55303    
        10    0.10000E-05
        15    0.60000E-05
        23    0.15000E-04
        36    0.43000E-04
        56    0.13600E-03
        87    0.58300E-03
       135    0.16880E-02
       209    0.60120E-02
       324    0.19082E-01
       501    0.67986E-01
        10    0.20000E-05
        15    0.80000E-05
        23    0.17000E-04
        36    0.51000E-04
        56    0.14800E-03
        87    0.58300E-03
       135    0.18250E-02
       209    0.51210E-02
       324    0.18060E-01
       501    0.79049E-01
        10    0.40000E-05
        15    0.30000E-05
        23    0.12000E-04
        36    0.28000E-04
        56    0.97000E-04
        87    0.32400E-03
       135    0.87500E-03
       209    0.29190E-02
       324    0.98430E-02
       501    0.38077E-01
        10    0.40000E-05
        15    0.40000E-05
        23    0.90000E-05
        36    0.26000E-04
        56    0.80000E-04
        87    0.31700E-03
       135    0.83800E-03
       209    0.68660E-02
       324    0.12811E-01
       501    0.36858E-01
        10    0.60000E-05
        15    0.16000E-04
        23    0.66000E-04
        36    0.19500E-03
        56    0.84800E-03
        87    0.34800E-02
       135    0.12121E-01
       209    0.44146E-01
       324    0.14559    
       501    0.54760    
        10    0.20000E-05
        15    0.40000E-05
        23    0.13000E-04
        36    0.41000E-04
        56    0.14700E-03
        87    0.58300E-03
       135    0.18240E-02
       209    0.74920E-02
       324    0.22130E-01
       501    0.66598E-01
        10    0.30000E-05
        15    0.40000E-05
        23    0.16000E-04
        36    0.43000E-04
        56    0.13100E-03
        87    0.50300E-03
       135    0.19540E-02
       209    0.83320E-02
       324    0.19792E-01
       501    0.67101E-01
        10    0.30000E-05
        15    0.60000E-05
        23    0.80000E-05
        36    0.22000E-04
        56    0.68000E-04
        87    0.27100E-03
       135    0.14080E-02
       209    0.54560E-02
       324    0.20470E-01
       501    0.39836E-01
        10    0.40000E-05
        15    0.40000E-05
        23    0.90000E-05
        36    0.24000E-04
        56    0.79000E-04
        87    0.31800E-03
       135    0.97000E-03
       209    0.42550E-02
       324    0.13769E-01
       501    0.43030E-01
