         100   1.99500006E-03   3.97999771E-04   3.70000023E-04
         200   1.12899998E-02   1.48399919E-03   7.29000196E-04
         300   3.29900011E-02   4.23400104E-03   1.67999789E-03
         400   7.40399957E-02   1.30629987E-02   3.54000926E-03
         500  0.139091998       2.25610137E-02   6.88400865E-03
         600  0.227323979       3.39119434E-02   1.19839907E-02
         700  0.354992032       5.85640669E-02   2.05680132E-02
         800  0.582372904       7.28160143E-02   2.42489576E-02
         900  0.755980015      0.112018108       3.57680321E-02
        1000   1.01636410      0.152531147       4.51009274E-02
