         100   1.28100021E-03   7.75000080E-04   1.92000065E-04
         200   9.10500064E-03   5.82499988E-03   6.07999042E-04
         300   2.79719997E-02   1.32180005E-02   1.90600008E-03
         400   6.27130046E-02   3.18100005E-02   3.27900052E-03
         500  0.131048009       5.82199991E-02   6.26400113E-03
         600  0.214296013      0.112594008       1.40689611E-02
         700  0.403641045      0.195125937       1.97569132E-02
         800  0.546396971      0.280353069       2.54130363E-02
         900  0.770798922      0.366619825       3.64880562E-02
        1000   1.02566195      0.519357681       4.60081100E-02
        1100   1.42030478      0.701413155       7.33203888E-02
        1200   1.87065983      0.940937042       7.98110962E-02
        1300   2.57649231       1.54987621      0.122140884    
        1400   3.07493687       1.58399200      0.132463455    
        1500   4.52293777       1.97919464      0.160287857    
