         100   6.48100022E-03   5.44700027E-03   1.76998787E-04
         200   3.89660001E-02   3.58420014E-02   6.10001385E-04
         300  0.126428008      0.114961013       1.69798732E-03
         400  0.297442019      0.272530973       3.20398808E-03
         500  0.648514986      0.533957958       6.34193420E-03
         600   1.06469989      0.925309896       1.07588768E-02
         700   1.75308609       1.49129486       1.79452896E-02
         800   2.72778463       2.13265705       2.66456604E-02
         900   3.66781235       3.03467560       3.58257294E-02
        1000   5.05675697       4.16103554       4.50763702E-02
        1100   6.92721176       5.55333710       6.68830872E-02
        1200   9.01475525       7.22960281       7.91320801E-02
        1300   12.3744888       9.22461700      0.108833313    
        1400   15.3411407       11.5236893      0.123947144    
        1500   20.4187393       14.1995316      0.174652100    
