         100   9.26999841E-04   8.10999889E-04   1.30000059E-04
         200   7.98000023E-03   6.50299992E-03   5.37998974E-04
         300   2.68010013E-02   2.15630010E-02   1.85400248E-03
         400   6.86220080E-02   4.86859977E-02   3.15800309E-03
         500  0.124576002       9.39480066E-02   6.30500913E-03
         600  0.223717034      0.161840022       1.07129812E-02
         700  0.362635970      0.292551041       1.90520287E-02
         800  0.554269075      0.387546062       2.77528763E-02
         900  0.747148991      0.552942038       3.67619991E-02
        1000   1.03668308      0.764948368       4.90169525E-02
        1100   1.42469168       1.05331707       6.84099197E-02
        1200   1.83770847       1.35559177       7.97491074E-02
        1300   2.34928131       1.75683784      0.115212440    
        1400   3.03373909       2.21677399      0.125139236    
        1500   4.40208054       2.87220001      0.163139343    
